000003010000060000400000149        0930301                                                          
000003020000150000400000149        0930301                                                          
000003030000070000400000149        0930301                                                          
000004010000140000700000149        7442440                                                          
000004020000020000700000149        7442440                                                          
000005010000130000450001700        4651575                                                          
000005020000030000450001700        4651575                                                          
000005030000170000450001700        4651575                                                          
000005040000090000450001700        4651575                                                          
000005050000100000450001700        4651575                                                          
000006010000110000750000149        1860634                                                          
000007010000200000250000149        8372763                                                          
000007020000050000250000149        8372763                                                          
000008010000180000300000199        5581842                                                          
000008020000120000300000199        5581842                                                          
000008030000060000300000199        5581842                                                          
000009010000170001000000181        2790921                                                          
000010010000190000990000191        0008889                                                          
000010020000070000990000191        0008889                                                          
