000003010000060000400000149201803030930301                                                          
000003020000150000400000149201803030930301                                                          
000003030000070000400000149201803030930301                                                          
000004010000140000700000149201803077442440                                                          
000004020000020000700000149201803077442440                                                          
000005010000130000450001700201803174651575                                                          
000005020000030000450001700201803174651575                                                          
000005030000170000450001700201803174651575                                                          
000005040000090000450001700201803174651575                                                          
000005050000100000450001700201803174651575                                                          
000006010000110000750000149201803211860634                                                          
000007010000200000250000149201803238372763                                                          
000007020000050000250000149201803238372763                                                          
000008010000180000300000199201803275581842                                                          
000008020000120000300000199201803275581842                                                          
000008030000060000300000199201803275581842                                                          
000009010000170001000000181201803262790921                                                          
000010010000190000990000191201804020008889                                                          
000010020000070000990000191201804020008889                                                          
